grid_id,Bare / sparse vegetation,Closed forest,Cropland,Herbaceous vegetation,Herbaceous wetland,Open forest,Permanent water bodies,Shrubland,Urban / built up
0_51,0.0,0.0,97.7483973955738,0.0,0.0,0.0,0.0,0.0,2.2516026078662197
0_52,0.0,0.0,57.9936173214387,0.0,0.0,8.90175094762687,0.0,0.0,33.10463209038132
0_53,0.0,0.0,51.72484440639749,5.040611467056851,0.0,22.937651983535403,0.0,0.0,20.295616650976715
100_10,0.0,13.202182938164865,2.9801687013174107,21.930482134982302,0.0,44.166706661906616,0.0,0.0,17.72091334348747
100_11,0.0,0.0,0.8018448199965885,0.1482914637611341,0.0,60.16729337377454,0.0,0.0,38.88250222123465
100_12,0.0,0.0,0.0,11.058295821335365,0.0,16.50528025714028,0.0,0.0,72.43641569878464
100_13,0.0,0.0,0.0,0.0,0.0,0.0,0.0,0.0,100.0
100_14,0.0,0.0,0.0,0.0,0.0,0.0,0.0,0.0,100.0
100_15,0.0,0.0,0.0,0.0,0.0,5.9571534113837,0.0,0.0,94.04284658861629
100_16,0.0,0.0,0.0,0.0,0.0,0.0,0.0,0.0,100.0
100_17,0.0,0.0,15.495804479042189,5.95596069674005,0.0,5.407315592114317,0.0,0.0,73.1411047507059
100_18,0.0,0.0,5.228924549183636,0.0,0.0,41.995579069661304,0.0,0.0,52.77545923934284
100_19,0.0,0.0,5.086202832085203,0.0,0.0,25.376870401940206,0.0,0.0,69.53685340291997
100_20,0.0,0.0,0.0,0.0,0.0,28.942608554202415,0.0,0.0,71.05742820611619
100_21,0.0,0.0,6.7209491090053834,2.494348847595384,0.0,28.90782033234229,0.0,0.0,61.87705687961316
100_22,0.0,2.2326372106594867,6.931677905185108,5.120751033727544,0.0,70.49291583734947,5.9527748765855835,0.0,9.269175580401308
100_23,0.0,0.4418300077218594,11.07373780823033,0.8318903965502891,0.0,40.05557454671103,0.0,0.0,47.596998709260944
100_24,0.0,0.0,68.26190332528469,0.0,0.0,8.299302234817777,0.0,0.0,23.43908559820229
100_25,0.0,6.105494058203532,12.818804920195232,0.0,0.0,40.8177194488006,0.0,0.0,40.25777094938787
100_6,0.0,0.0,5.962724069444231,6.506521013174552,0.0,0.0,0.0,0.0,87.5307549132574
100_7,0.0,0.0,0.0,9.957923578558418,0.0,0.0,0.0,0.0,90.04207642144158
100_8,0.0,0.0,0.0,0.0,0.0,3.314534196992051,0.0,0.0,96.68546580300794
100_9,0.0,0.0,0.0,0.0,0.0,1.3329815745491325,0.0,0.0,98.66701842545086
101_10,0.0,2.322184758688714,0.0,5.960143843004295,0.0,11.2261703833979,0.0,0.0,80.49168920284106
101_11,0.0,0.0,13.027703995670134,7.974120391614049,0.0,35.79139490435533,0.0,0.0,43.20680775967559
101_12,0.0,0.0,0.17685522746292273,17.43702095849458,0.0,63.997395803380044,0.0,0.0,18.388998871036492
101_13,0.0,0.0,0.0,9.719956235798625,0.0,4.447000565217405,0.0,0.0,85.83295301235626
101_14,0.0,0.0,0.0,0.0,0.0,0.0,0.0,0.0,100.0
101_15,0.0,0.0,0.0,0.0,0.0,0.0,0.0,0.0,100.0
101_16,0.0,0.0,0.0,0.0,0.0,5.521526458304441,0.0,0.0,94.47863956543078
101_17,0.0,0.0,38.26574206827864,0.0,0.0,30.686108688382756,0.0,0.0,31.04705683809781
101_18,0.0,0.0,0.0,2.9777187412788337,0.0,6.203945603273205,0.0,0.0,90.81833770706072
101_19,0.0,0.0,0.0,0.0,0.0,5.687231668109261,0.0,0.0,94.31275410498759
101_20,0.0,0.0,0.0,5.954242031841051,0.0,16.878017340919584,0.0,0.0,77.16770269281815
101_21,0.0,0.0,1.9109986977484106,0.4823056604464946,0.0,0.8658343599230178,0.0,0.0,96.74087018536966
101_22,0.0,7.552061715617589,42.94661213168841,0.0,0.0,8.401480255966897,0.0,0.0,41.099874350768395
101_23,0.0,4.654956745286352,11.928327142926568,0.0,0.0,47.47407095457059,0.0,0.0,35.942598064883356
101_24,0.0,0.0,3.8349626162252664,0.0,0.0,50.58648952536386,0.0,0.0,45.57858269218377
101_25,0.0,23.65071974755245,40.810626673387276,5.950922128328743,0.0,19.56034008773414,0.0,0.0,10.027073887832138
101_6,0.0,0.0,19.659615502231954,39.594424935980385,0.0,12.722365257662927,0.0,0.0,28.02363072016044
101_7,0.0,1.1985795201908118,24.661335994911113,19.243617298660933,0.0,4.036718537527665,0.0,0.0,50.85930360595123
101_8,0.0,7.734401253429549,9.858070767706877,9.535067666356587,0.0,2.6467347877832195,0.0,0.0,70.22591130573595
101_9,0.0,0.0,0.0,1.0205036243200394,0.0,1.649926827678782,0.0,0.0,97.32956932150675
102_10,0.0,0.0,0.0,0.0,0.0,0.0,0.0,0.0,100.0
102_11,0.0,0.0,3.711221327191675,6.74357637154203,0.0,3.9083568044143884,0.0,0.0,85.63685028020922
102_12,0.0,0.0,0.160556759415659,6.33757920149935,0.0,14.38407723686066,0.0,0.0,79.11800470474824
102_13,0.0,0.0,0.0,18.819960914375407,0.5435575027745368,20.184619861121213,5.958493819266435,0.0,54.49303681889941
102_14,0.0,0.0,6.105219449001816,5.957697849167669,0.0,19.766407154768107,0.0,0.0,68.17076667933776
102_15,0.0,0.0,5.852312787006966,5.9569010765391575,0.0,0.40751759498184187,0.0,0.0,87.78330521236091
102_16,0.0,0.0,9.38325417446129,1.8252851456135861,0.0,15.558823548884256,0.0,0.0,73.2330193729427
102_17,0.0,7.7739857762210605,41.892521851669144,1.1528320385469233,0.0,3.1235057856044293,0.0,0.0,46.056652804457464
102_18,0.0,3.838095425471992,2.617855433382774,2.9775882343767037,0.0,19.84088481061296,0.0,0.0,70.72551502052076
102_19,0.0,0.0,17.86373456137326,0.0,0.0,35.11864279795179,0.0,0.0,47.017782779188074
102_20,0.0,0.0,0.0,0.0,0.0,6.781524229491087,0.0,0.0,93.21847577050892
102_21,0.0,0.0,5.246811637960712,3.863246280277238,0.0,21.72329657119539,0.0,0.0,69.16661018998116
102_22,0.0,0.0,54.94060473774957,5.952918425779119,0.0,15.328833035037729,0.0,0.0,23.77743967113058
102_23,0.0,0.0,55.21823211308366,8.693075707690372,0.0,31.85416492442965,0.0,0.0,4.234542850442978
102_7,0.0,1.2994324025750454,73.22979775656808,10.565823045569955,0.0,2.98096910432752,0.0,0.0,11.923748209506986
102_8,0.0,16.593525017789446,60.28136498645698,0.507112806332424,0.0,0.0,0.0,0.0,22.61799928244074
102_9,0.0,0.0,1.8747127593711117,6.612823322962371,0.0,1.3305114520826082,0.0,0.0,90.18195198207272
103_10,0.0,2.408134781684973,0.0,0.0,0.0,1.3481796228803653,0.0,0.0,96.24349469745977
103_11,0.0,0.0,0.0,5.95962540458855,0.0,0.0,0.0,0.0,94.04037459541145
103_12,0.0,0.0,0.0,17.407136545276842,0.0,5.127604961087847,0.0,0.0,77.46507474694452
103_13,0.0,0.0,0.0,0.0,2.435689960494281,37.05386913309199,0.0,0.0,60.51044942755145
103_14,0.0,0.0,25.241381940330797,0.9973106587854356,0.0,23.27505004221184,0.0,0.0,50.4863570409897
103_15,0.0,0.0,5.310330866299463,1.0625387422892425,0.0,11.385636100357154,0.0,0.0,82.24145429197003
103_16,0.0,0.0,4.702492670554862,0.0,0.0,0.0,0.0,0.0,95.2975583370155
103_17,0.0,8.11208036868134,2.977921455111982,0.0,0.0,0.3045486756725919,0.0,0.0,88.60543521187999
103_18,0.0,4.098472865841223,0.0,0.0,0.0,17.712770162105137,0.0,0.0,78.1887810452195
103_19,0.0,0.0,0.0,0.0,0.0,1.3974811241440857,0.0,0.0,98.6025214815936
103_20,0.0,0.0,0.07736008117173719,0.0,0.0,6.102112587659449,0.0,0.0,93.82041305150639
103_21,0.0,0.0,25.84534001109845,4.0282804805610395,0.0,51.02696667502838,0.0,0.0,19.099525714153074
103_22,0.0,0.0,49.46134819759763,9.968174198320437,0.0,31.379778270041506,0.0,0.0,9.190416871491722
103_23,0.0,0.0,95.65525369972238,0.0,0.0,0.0,0.0,0.0,4.34474630895462
103_8,0.0,5.134243727412944,85.18211276091097,0.0,0.0,9.683643511676104,0.0,0.0,0.0
103_9,0.0,21.106883643369017,45.03835586211648,6.168734867605224,0.0,19.513986460348853,0.0,0.0,8.17211420470256
104_10,0.0,5.571517420013211,5.170485137082308,11.971457748394167,0.0,0.0,0.0,0.0,77.28657848002827
104_11,0.0,0.0,0.0,5.192230456932394,0.0,0.0,0.0,0.0,94.8077695430676
104_12,0.0,0.0,0.0,0.7670689635897251,0.0,0.0,0.0,0.0,99.23293103641026
104_13,0.0,0.0,0.10088422151269923,0.0,0.0,5.504561069496388,0.0,0.0,94.39458045676223
104_14,0.0,5.957841717448043,40.34806616362588,5.124608246942601,0.0,33.427784534538446,0.18733408456942022,0.0,14.95385444893495
104_15,0.0,0.0,27.397726705901754,13.874188960344764,0.0,19.615406800929527,0.0,0.0,39.11263018466609
104_16,0.0,0.0,17.143412459708248,0.055222686145805444,0.0,23.82638627912231,0.0,0.0,58.974978705225226
104_17,0.0,0.0,0.0,0.0,0.0,5.955715808289452,0.0,0.0,94.04428419171055
104_18,0.0,0.0,0.0,0.0,0.0,0.0,0.0,0.0,100.0
104_19,0.0,0.0,1.089587451389337,0.0,0.0,17.8639018329646,0.0,0.0,81.0464734064859
104_20,0.0,0.0,39.25700247664917,0.0,0.0,3.8989198047318623,0.0,0.0,56.844004807754345
104_22,0.0,0.0,82.0997665125561,4.136746371088749,0.0,5.953062273917443,0.0,0.0,7.810461918862591
104_9,0.0,51.612917470894516,29.786161007256446,14.354354225357646,0.0,4.246772566259003,0.0,0.0,0.0
105_10,0.0,20.556208409027633,41.680300447941356,22.263673988690137,0.0,0.0,0.0,0.0,15.50027009805374
105_11,0.0,4.188830703602261,0.0,13.992150787759478,0.0,13.551252130804476,0.0,0.0,68.26776493582938
105_12,0.0,0.0,27.042143928912104,17.87685302186208,0.0,21.23415051875627,0.0,0.0,33.846883703701785
105_13,0.0,17.36012110115862,44.21614529201515,5.3333698097086355,5.667300284145588,7.803033754512548,0.0,0.0,19.61999726387608
105_14,0.0,0.15561148431128755,60.78101631914701,3.3401743092839653,9.227710553745721,4.3851664067405185,22.109431345931046,0.0,0.0
105_16,0.0,0.0,97.30191988016038,0.0,0.0,0.0,0.0,0.0,2.6980801198396125
105_17,0.0,0.0,67.04791088458528,6.201974705081487,0.0,0.0,0.0,0.0,26.750113648197654
105_18,0.0,0.0,0.0,13.725453634861054,0.0,0.0,0.0,0.0,86.27454636513895
105_19,0.0,0.0,0.0,0.0,0.0,0.0,0.0,0.0,100.0
105_20,0.0,0.0,19.55996057868246,0.0,0.0,0.0,0.0,0.0,80.44003942131755
106_18,0.0,0.0,64.6388574935134,12.815833383769476,0.0,5.9553291201061915,0.0,0.0,16.58997923163008
106_19,0.0,0.0,38.32547153652785,5.954667903398634,0.0,0.0,0.0,0.0,55.71985823267408
10_18,0.0,0.0,46.797885597491614,2.0065380645753828,0.0,21.468608480596366,0.0,0.0,29.726967515549063
10_19,0.0,0.0,8.205916753789783,24.046013268976697,0.0,21.877126174120193,0.0,0.0,45.8709439451511
10_20,0.0,0.0,0.0,0.0,0.0,4.788810295552489,0.0,0.0,95.21118971520066
10_21,0.0,0.0,0.0,0.0,0.0,9.021983927072394,0.0,0.0,90.9780160729276
10_22,0.0,0.0,0.0,0.0,0.0,0.0,0.0,0.0,100.0
10_23,0.0,0.0,0.0,0.0,0.0,0.0,0.0,0.0,100.0
10_24,0.0,2.9755682831372416,0.0,0.11514253859625426,0.0,4.234201843707731,0.0,0.0,92.67511785799218
10_25,0.0,0.0,2.975435274438812,14.486376867836606,0.0,5.950804438137295,0.0,0.0,76.58727113581895
10_26,0.0,0.0,0.0,0.0,0.0,4.229243544126026,0.0,0.0,95.77075645587398
10_27,0.0,0.0,0.0,5.9495427254308355,0.0,5.673631880663441,0.0,0.0,88.37686281013346
10_28,0.0,0.0,0.0,0.0,0.0,19.09591315139872,0.0,0.0,80.90404943411332
10_29,0.0,0.0,0.0,2.9742407515187654,0.0,10.947156535801911,0.0,0.0,86.078589898261
10_30,0.0,0.0,0.0,0.0,0.0,5.947618389022887,0.0,0.0,94.05238161097711
10_31,0.0,0.0,0.0,2.484688874825183,0.0,4.513603299615542,0.0,0.0,93.00174523757613
10_32,0.0,0.3187651812736482,0.8766651565239338,12.52076838613739,0.0,24.422510234646744,0.0,0.0,61.861465871410246
10_33,0.0,0.7565981730478426,3.1632286011538726,4.202596347508669,0.0,8.919135411775336,0.0,0.0,82.9580569288083
10_34,0.0,10.154059800998276,8.917940294511421,0.0,0.0,23.451822440971263,0.0,0.0,57.476511143608136
10_35,0.0,34.390384055352854,8.917076905976526,26.843612540679118,0.0,29.584150424757933,0.0,0.0,0.2646195856716336
10_36,0.0,1.0311373378432158,0.0,4.427422809145927,0.0,20.67698638975035,0.0,0.0,73.86420036525581
10_37,0.0,0.0,0.0,0.0,0.0,4.703062204782192,0.0,0.0,95.29693779521781
10_38,0.0,0.0,0.0,0.0,0.0,3.8322327618176444,0.0,0.0,96.16776723818235
10_39,0.0,3.46805063990838,3.408159392713961,0.0,0.0,3.4171469039845124,0.0,0.0,89.7066347036683
10_40,0.0,16.551826914823117,2.9708532879109595,1.8623546634049946,0.0,53.3993361667996,0.0,0.0,25.2155983917767
10_41,0.0,0.0,0.0,8.60480870342386,0.0,68.51778274705367,0.0,0.0,22.878742684703152
10_42,0.0,0.0,0.0,0.0,0.0,0.7148235010372316,0.0,0.0,99.28517649896277
10_43,0.0,1.1920640491518781,0.0,0.6804754128566916,0.0,13.130173253017306,0.0,0.0,84.99735443075379
10_44,0.0,17.24683877894022,0.0,0.4086582405899056,0.0,48.17696737812399,0.0,0.0,34.167644654521396
10_45,0.0,5.938584196994155,0.1351829014024738,1.4008972887144424,0.0,31.6872946644038,0.0,0.0,60.83803167283541
10_46,0.0,5.9381181834123185,23.370433255665496,14.845295849929585,0.0,11.067030913399783,0.0,0.0,44.77912262508445
10_47,0.0,0.0,76.99034769062975,9.40609748317042,0.0,3.1520067368209244,0.0,0.0,10.45110628986639
10_48,0.0,0.0,0.0,0.6524753085320845,0.0,0.0,0.0,0.0,99.34752467311458
10_49,0.0,0.0,0.0,0.18292329438781899,0.0,0.844458031944705,0.0,0.0,98.97261863201346
10_50,0.0,0.0,0.0,0.0,0.0,0.0,0.0,0.0,100.0
10_51,0.0,0.0,0.0,0.0,0.0,5.935326516985281,0.0,0.0,94.06467348301473
10_52,0.0,0.0,0.0,0.0,0.0,0.0,0.0,0.0,100.0
10_53,0.0,0.0,0.0,0.0,0.0,0.0,0.0,0.0,100.0
10_54,0.0,0.0,0.0,0.0,0.0,0.0,0.0,0.0,100.0
10_55,0.0,0.0,0.0,0.0,0.0,15.020332578358042,0.0,0.0,84.97966742164196
10_56,0.0,0.0,0.0,0.0,0.0,2.053008447603314,0.0,0.0,97.94699155239668
10_57,0.0,0.0,0.0,0.0,0.0,2.336311966112458,0.0,0.0,97.6637002986338
10_58,0.0,0.0,0.0,0.0,0.0,10.208301016689543,0.0,0.0,89.79169898331045
10_59,0.0,0.0,0.0,0.0,0.0,0.0,0.0,0.0,100.0
10_60,0.0,0.0,0.0,0.0,0.0,5.9298730877058965,0.0,0.0,94.0701269122941
10_61,0.0,0.0,0.0,0.0,0.0,0.0,0.0,0.0,100.0
10_62,0.0,0.0,0.0,0.0,0.0,2.0433436948671204,0.0,0.0,97.95665630513287
10_63,0.0,0.0,0.0,4.7419536073076936,0.0,20.81151914427416,0.0,0.0,74.44652876863857
10_64,0.0,0.0,1.4698593921619512,17.395121152052933,0.0,14.936776090734519,0.0,0.0,66.19812681836805
11_19,0.0,23.512496714980504,24.777959614816343,5.725724787641846,0.0,45.435203507765145,0.0,0.0,0.548593077483905
11_20,0.0,0.0,8.758583406094525,5.953789601089453,0.0,36.08629413890526,0.0,0.0,49.20070080423057
11_21,0.0,0.0,0.0,0.0,0.0,5.861334218383167,0.0,0.0,94.13866578161684
11_22,0.0,0.0,0.0,5.906036959364667,0.0,17.25182068846985,0.0,0.0,76.84217970392507
11_23,0.0,0.0,0.0,0.04629226738631818,0.0,16.77578507930574,0.0,0.0,83.17792265330795
11_24,0.0,0.0,0.0,0.0,0.0,10.159532412309108,0.0,0.0,89.8404675876909
11_25,0.0,0.0,0.0,7.693092785572771,0.0,4.7084311378588,0.0,0.0,87.59847607656843
11_26,0.0,0.0,0.0,1.2328796427786424,0.0,6.214712605948102,0.0,0.0,92.55240775127326
11_27,0.0,0.0,0.0,0.0,0.0,2.6281169193617293,0.0,0.0,97.37188308063827
11_28,0.0,0.0,0.0,0.0,0.0,9.89956968206089,0.0,0.0,90.1004303179391
11_29,0.0,0.0,0.0,0.0,0.0,4.47818091451205,0.0,0.0,95.52181908548795
11_30,0.0,0.0,0.0,0.0,0.0,0.0,0.0,0.0,100.0
11_31,0.0,0.0,0.0,0.0,0.0,0.0,0.0,0.0,100.0
11_32,0.0,2.330263374169624,1.7816929938557022,10.791999790032882,0.0,9.71642039194339,2.5023416795902933,0.0,72.87733212170633
11_33,0.0,16.750684082814054,9.043836719488095,4.3970920733669745,5.299104747951647,14.20181248340845,5.778053729560065,0.0,44.528828519746234
11_34,0.0,1.0760839797066373,0.0,3.850119290441844,0.0,8.66832666333808,0.0,0.0,86.40554732453295
11_35,0.0,27.65873345429403,0.0,1.7848676173432894,0.0,37.85016529491448,0.0,0.0,32.70617618088439
11_36,0.0,17.83275549447931,0.0,0.22358986454291277,0.0,61.54762134895462,0.0,0.0,20.395988076674655
11_37,0.0,0.0,0.0,0.0,0.0,6.387070463340299,0.0,0.0,93.6129295366597
11_38,0.0,0.0,0.0,0.0,0.0,8.053769672637639,0.0,0.0,91.94623032780757
11_39,0.0,0.0,0.0,20.79785759845409,0.0,12.214359294295003,0.0,0.0,66.98775774196422
11_40,0.0,5.433156016527983,0.0,0.0,0.0,8.40508195232926,0.0,0.0,86.16175517181858
11_41,0.0,5.674795995738373,0.0,0.0,0.0,40.295575629318186,0.0,0.0,54.029667353586866
11_42,0.0,0.0,0.0,0.0,0.0,13.457051976053538,0.0,0.0,86.54291063788948
11_43,0.0,0.0,0.0,2.289580301141263,0.0,2.2765517221279694,0.0,0.0,95.43387556538288
11_44,0.0,5.31881931647437,0.0,3.554993414857531,0.0,7.959512711351203,0.0,0.0,83.16667747664843
11_45,0.0,4.165463916581605,5.938515943497504,19.189045101577644,0.0,32.07940752554541,0.0,0.0,38.62756966966327
11_46,0.0,9.558479212056309,6.118414267108742,2.9689920030852446,0.0,18.080974221316115,0.0,0.0,63.273177472934215
11_47,0.0,0.0,40.33096479653511,13.173111217287937,0.0,4.531330549839076,0.0,0.0,41.96422286553411
11_48,0.0,0.0,0.0,0.0,0.0,4.3745160245811965,0.0,0.0,95.6254839754188
11_49,0.0,0.0,0.0,2.9681278992432096,0.0,17.80867217238952,0.0,0.0,79.2231997114313
11_50,0.0,0.0,0.0,0.0,0.0,1.4410431391581482,0.0,0.0,98.55895686084186
11_51,0.0,0.0,0.0,0.0,0.0,0.2355905713344519,0.0,0.0,99.76440942866554
11_52,0.0,0.0,0.0,0.0,0.0,0.0,0.0,0.0,100.0
11_53,0.0,0.0,0.0,0.0,0.0,0.0,0.0,0.0,100.0
11_54,0.0,0.0,0.0,0.0,0.0,0.0,0.0,0.0,100.0
11_55,0.0,0.0,0.0,0.0,0.0,17.184189098766293,0.0,0.0,82.81577379328643
11_56,0.0,0.0,1.473541252758821,11.863867979270188,0.0,33.229403240501156,0.0,0.0,53.433176823970015
11_57,0.0,0.0,0.0,0.0,0.0,0.0,0.0,0.0,100.0
11_58,0.0,0.0,0.0,0.0,0.0,7.314828776462557,0.0,0.0,92.68517122353744
11_59,0.0,0.0,0.0,0.0,0.0,0.0,0.0,0.0,100.0
11_60,0.0,0.0,0.0,0.0,0.0,0.0,0.0,0.0,100.0
11_61,0.0,0.0,15.070933256733419,0.0,0.0,12.99621805919231,0.0,0.0,71.93281137023806
11_62,0.0,0.0,11.608702544515678,0.0,0.0,1.8260688519536117,0.0,0.0,86.56522851596272
11_63,0.0,0.0,0.0,0.0,0.0,0.0,0.0,0.0,100.0
11_64,0.0,0.0,1.1972605175670812,2.5617576485553992,0.0,0.8477529747377911,0.0,0.0,95.39424102493398
11_65,0.0,0.0,47.93990090795708,15.218877511782125,0.0,20.061587173143877,0.0,0.0,16.77956009398532
12_19,0.0,9.120172346280008,7.5324099602158086,34.26427478855096,0.0,49.08329160438466,0.0,0.0,0.0
12_20,0.0,4.159486900244474,39.58308393672762,5.54290995212183,0.0,27.49929820359712,0.0,0.0,23.215080341825338
12_21,0.0,0.0,0.18531668517285776,0.24512806446682425,0.0,0.0,0.0,0.0,99.56952045963266
12_22,0.0,2.9763631088284432,0.0,0.0,0.0,36.23182788050747,0.0,0.0,60.79180913075358
12_23,0.0,0.0,0.0,0.0,0.0,63.6653186762819,0.0,0.0,36.334693841295255
12_24,0.0,0.0,0.0,0.0,0.0,3.308870843257287,0.0,0.0,96.6911291567427
12_25,0.0,1.3831428025449404,0.0,0.0,0.0,0.0,0.0,0.0,98.61685887506721
12_26,0.0,0.34907593651221774,0.0,0.8547469767180675,0.0,0.10353407225231416,0.0,0.0,98.69264310161986
12_27,0.0,0.0,0.0,0.0,0.0,1.5377814286042402,0.0,0.0,98.46221857139575
12_28,0.0,0.0,0.0,0.0,0.0,0.6251202458570986,0.0,0.0,99.37487975414291
12_29,0.0,0.0,0.0,4.240555207021464,0.0,2.8432977257027403,0.0,0.0,92.91614708055702
12_30,0.0,0.0,0.0,7.827394596837198,0.0,2.9739736826832424,0.0,0.0,89.19859435607785
12_31,0.0,0.0,0.0,0.5161491365856472,0.0,0.0,0.0,0.0,99.48385086341435
12_32,0.0,0.9133853245768918,0.0,3.6082041960921387,0.904541782104583,1.8179644954108714,0.1931479157655258,0.0,92.5627933907929
12_33,0.0,31.954381881611834,0.0,16.47214528123922,2.7155530502573915,26.803896374043145,0.4457893081893194,0.0,21.608233883643162
12_34,0.0,0.4900185131348802,0.0,16.900273555986452,0.0,5.945556889186343,0.0,0.0,76.66411370965065
12_35,0.0,0.0,0.0,0.0,0.0,29.259073325259394,0.0,0.0,70.7408892538098
12_36,0.0,0.0,0.0,3.4859451040949145,0.0,17.503888851734857,0.0,0.0,79.01033896560853
12_37,0.0,0.0,0.0,3.304310116666842,0.0,21.54612580122354,0.0,0.0,75.14956410569896
12_38,0.0,0.0,0.0,0.12046241929336553,0.0,3.417125486128425,0.0,0.0,96.46241212173157
12_39,0.0,0.0,0.0,5.942369028317437,0.0,5.612429026045435,0.0,0.0,88.4451901259965
12_40,0.0,0.0,0.0,0.0,0.0,3.891430623632991,0.0,0.0,96.108569376367
12_41,0.0,0.0,0.0,0.0,0.0,12.553170351937164,0.0,0.0,87.44682957216904
12_42,0.0,0.0,0.0,0.0,0.0,16.3103215051943,0.0,0.0,83.68976132967096
12_43,0.0,0.0,0.0,6.196102604418385,0.0,12.82367586323845,0.0,0.0,80.98016747587957
12_44,0.0,0.0,0.0,0.0,0.0,20.902252032819668,0.0,0.0,79.09781726160236
12_45,0.0,17.8163421445342,0.0,8.110274768471925,0.0,22.02859599484357,0.0,0.0,52.04475262831265
12_46,0.0,1.1219473591267812,0.0,0.14981710929967335,0.0,12.81952373645029,0.0,0.0,85.90868817595457
12_47,0.0,0.0,0.0,1.17027033413225,0.0,31.438949352536635,0.0,0.0,67.3908146844
12_48,0.0,0.0,0.0,0.0,0.0,15.391279846437634,0.0,0.0,84.60872015472599
12_49,0.0,0.0,0.0,0.9781140980702709,0.0,0.10999917921769603,0.0,0.0,98.91188672271203
12_50,0.0,0.0,0.0,1.98988060861939,0.0,18.93780830375821,0.0,0.0,79.0723110876224
12_51,0.0,0.0,0.0,2.9675289563270657,0.0,3.149223516956507,0.0,0.0,93.8832475271578
12_52,0.0,0.0,0.0,0.0,0.0,0.0,0.0,0.0,100.0
12_53,0.0,0.0,0.0,0.0,0.0,0.0,0.0,0.0,100.0
12_54,0.0,0.0,0.0,0.0,0.0,8.89979519581152,0.0,0.0,91.10020480418848
12_55,0.0,0.0,0.0,0.0,0.0,6.69054458342438,0.0,0.0,93.30945541657562
12_56,0.0,0.0,4.458591772122554,0.0,0.0,8.151244793458922,0.0,0.0,87.39019920682362
12_57,0.0,0.0,0.0,0.0,0.0,0.0,0.0,0.0,100.0
12_58,0.0,0.0,0.0,0.0,0.0,4.54651134263423,0.0,0.0,95.45348865736575
12_59,0.0,0.0,0.0,0.0,0.0,0.0,0.0,0.0,100.0
12_60,0.0,0.0,0.0,0.0,0.0,3.9386603477618687,0.0,0.0,96.06131758921269
12_61,0.0,0.0,0.0,0.0,0.0,18.86777558582547,0.0,0.0,81.13224644244028
12_62,0.0,0.0,0.0,0.0,0.0,21.31668094949138,0.0,0.0,78.68331923594329
12_63,0.0,0.0,0.0,0.0,0.0,11.428825244444875,0.0,0.0,88.57117476255252
12_64,0.0,0.0,8.255915265093048,2.498715255526598,0.0,24.00049776840455,0.0,0.0,65.2448031202001
12_65,0.0,0.0,73.07321377608982,4.928499263316182,0.0,4.218226696418583,0.0,0.0,17.78003204327382
13_20,0.0,1.1301363456794686,57.35560070567916,29.671680635957813,0.0,11.842531480554037,0.0,0.0,0.0
13_21,0.0,0.0,54.62209539908933,3.093678190524978,0.0,4.219682646435151,0.0,0.0,38.06462769412771
13_22,0.0,0.0,0.01737224289739315,2.205619440923625,0.0,1.167684466649634,0.0,0.0,96.60932389750123
13_23,0.0,0.0,2.1811419565385157,2.1914088598905304,0.0,0.0,0.0,0.0,95.6274425795752
13_24,0.0,0.0,0.0,0.0,0.0,0.0,0.0,0.0,100.0
13_25,0.0,3.3608465738440874,12.488077463254582,1.777016710724104,0.0,0.0,0.0,0.0,82.37416995857463
13_26,0.0,0.8574704528820566,4.487324530368471,5.3963491677281645,0.0,5.200881008862457,0.0,0.0,84.05793780260723
13_27,0.0,0.0,0.0,0.0,0.0,24.108100003525216,0.0,0.0,75.89189999647478
13_28,0.0,0.0,0.0,0.0,0.0,0.0,0.0,0.0,100.0
13_29,0.0,5.571808654194049,0.0,0.0,0.0,0.0,0.0,0.0,94.42819132531694
13_30,0.0,3.33683673975089,0.0,4.286849688538971,0.0,4.9379591204545505,0.0,0.0,87.4383366644123
13_31,0.0,0.0,0.0,6.9200426672233615,0.0,0.0,0.0,0.0,93.07995733277663
13_32,0.0,0.0,0.0,5.311458831308016,0.0,0.0,0.0,0.0,94.68854116869198
13_33,0.0,0.0,0.0,0.0,0.0,13.662875009519516,0.0,0.0,86.33712499048049
13_34,0.0,0.0,0.0,5.945157289092819,0.0,0.0,0.0,0.0,94.05484271090717
13_35,0.0,0.0,0.0,0.0,0.0,2.972445708414262,0.0,0.0,97.02755429158574
13_36,0.0,0.0,0.0,5.430596109045793,0.0,26.702810130416932,0.0,0.0,67.8653416222227
13_37,0.0,0.0,0.0,2.4321105704218664,0.0,11.055723457417288,0.0,0.0,86.51216595403723
13_38,0.0,0.0,0.0,8.994050286786571,0.0,29.27341898373991,0.0,0.0,61.732530980643894
13_39,0.0,0.0,0.0,5.9490143142900145,0.0,2.966879045350031,0.0,0.0,91.08400704378839
13_40,0.0,0.0,0.0,0.0,0.0,4.993105314069121,0.0,0.0,95.00689468593087
13_41,0.0,2.9706520884857914,0.0,0.0,0.0,36.46343997093031,0.0,0.0,60.565833283935575
13_42,0.0,0.0,0.0,0.0,0.0,73.78989436698113,0.0,0.0,26.21054318914257
13_43,0.0,14.849805936344907,0.0,2.713928290955778,0.0,47.94224831025066,0.0,0.0,34.4937460991382
13_44,0.0,0.0,0.0,2.9696555946871173,0.0,4.850567582654448,0.0,0.0,92.17978217852402
13_45,0.0,0.0,0.0,0.0,0.0,0.8781856863428216,0.0,0.0,99.12180892890929
13_46,0.0,0.0,0.0,5.788165269634414,0.0,0.0,0.0,0.0,94.21185833688438
13_47,0.0,0.0,4.370765189894733,3.7976143311423094,0.0,7.346672877530279,0.0,0.0,84.48498349350317
13_48,0.0,0.0,2.9685255965014457,6.488852809252276,0.0,11.873732989232025,0.0,0.0,78.66885148934686
13_49,0.0,0.0,0.0,0.0,0.0,20.6670519509724,0.0,0.0,79.33294804902759
13_50,0.0,0.0,0.0,2.9677945873022202,0.0,5.914935167574848,0.0,0.0,91.11727024512292
13_51,0.0,0.0,0.0,2.9675287326015973,0.0,0.0,0.0,0.0,97.0324712673984
13_52,0.0,0.0,0.0,0.0,0.0,0.0,0.0,0.0,100.0
13_53,0.0,0.0,0.0,2.9668638480606444,0.0,0.0,0.0,0.0,97.03313615193935
13_54,0.0,0.0,0.0,0.0,0.0,0.0,0.0,0.0,100.0
13_55,0.0,0.0,0.0,1.1529774405692967,0.0,0.0,0.0,0.0,98.84702350360509
13_56,0.0,0.0,0.0,0.0,0.0,2.965932927885483,0.0,0.0,97.03406707211451
13_57,0.0,0.0,0.0,0.0,0.0,0.0,0.0,0.0,100.0
13_58,0.0,0.0,0.3465367862842039,5.930668018280679,0.0,1.0461710778409816,0.0,0.0,92.67662411759183
13_59,0.0,0.0,2.6187308155929063,2.9652010860617635,0.0,0.0,0.0,0.0,94.41606809879234
13_60,0.0,0.0,5.098090396921043,6.9798361360187435,0.0,47.201909064766156,0.0,0.0,40.72024302390445
13_61,0.0,0.0,27.513306889226545,15.70119013702637,0.0,38.158604404558254,0.0,0.0,18.627173759609715
13_62,0.0,0.0,35.69311933231391,14.821082220042781,0.0,18.411547724382615,0.0,0.0,31.074269587659387
13_63,0.0,7.728284314837559,34.327876342071455,0.0,0.0,16.149133260210924,0.0,0.0,41.79470805228724
13_64,0.0,0.0,77.39403204845732,4.048147977718379,0.0,10.017474509244042,0.0,0.0,8.5406285261494
14_21,0.0,0.0,69.44142055466862,9.396075452674738,0.0,18.185498690045282,0.0,0.0,2.9766938306156754
14_22,0.0,0.0,64.13986895697737,0.7705439231687012,0.0,20.883233440553703,0.0,0.0,14.206316193111096
14_23,0.0,5.95179518866122,68.58821736663799,0.7846217759150312,0.0,2.9758976960214345,0.0,0.0,21.699474755891362
14_24,0.0,0.0,17.95837496621139,9.347879066041354,0.0,0.0,0.0,0.0,72.69399355979107
14_25,0.0,0.0,0.0,0.0,0.0,0.0,0.0,0.0,100.0
14_26,0.0,0.0,3.85130505566377,3.872227217507597,0.0,7.723532126973544,0.0,0.0,84.55293518268361
14_27,0.0,0.0,0.0,0.0,0.0,0.6574234577043322,0.0,0.0,99.34257654229567
14_28,0.0,0.0,0.0,0.0,0.0,2.974570036622445,0.0,0.0,97.02542996337756
14_29,0.0,31.92673348498669,0.0,5.948343214774086,0.0,0.2761292386541144,0.0,0.0,61.848793951533466
14_30,0.0,61.26576768304013,0.0,3.7442315102270536,0.0,6.957733044359081,0.0,0.0,28.03243530632711
14_31,0.0,0.0,5.947082033252887,30.69749397585641,0.0,2.9277319024722686,0.0,0.0,60.427751164222535
14_32,0.0,0.0,0.0,22.416243310111795,0.0,3.9920695243508346,0.0,0.0,73.59161236070733
14_33,0.0,0.0,0.0,8.478335553199472,0.0,5.057346681446469,0.0,0.0,86.46431788716534
14_34,0.0,0.0,0.0,3.5313199171412823,0.0,18.724843610949122,0.0,0.0,77.74387360372913
14_35,0.0,0.0,0.0,0.0,0.0,2.972445093492658,0.0,0.0,97.02755490650733
14_36,0.0,0.0,0.0,0.0,0.0,44.03004877797367,0.0,0.0,55.968202122876384
14_37,0.0,0.0,0.0,0.0,0.0,0.0,0.0,0.0,100.0
14_38,0.0,0.0,0.0,2.9715152557053366,0.0,0.0,0.0,0.0,97.02848474429466
14_39,0.0,0.0,0.0,8.834548806585692,0.0,0.0,0.0,0.0,91.1654511934143
14_40,0.0,1.6551508776640629,0.0,0.0,0.0,2.9049852771870146,0.0,0.0,95.43986391232565
14_41,0.0,10.07593002568035,0.0,0.0,5.941170539819378,8.911556586336735,0.0,0.0,75.07134293333596
14_42,0.0,0.0,0.0,8.78562209886137,0.0,23.65719757409999,0.0,0.0,67.55718318314203
14_43,0.0,0.0,0.0,0.0,0.0,16.036193979315474,0.0,0.0,83.96383327192811
14_44,0.0,0.0,0.0,0.0,0.0,0.0,0.0,0.0,100.0
14_45,0.0,0.0,0.0,0.0,0.0,17.816173577704927,0.0,0.0,82.18382642229508
14_46,0.0,0.0,0.0,0.0,0.0,2.2297615997744877,0.0,0.0,97.77023840022551
14_47,0.0,0.0,1.5665516672446933,5.4045756369209235,0.0,2.2986645062893656,0.0,0.0,90.73020472404714
14_48,0.0,0.0,0.0,1.587701500068344,0.0,0.0,0.0,0.0,98.41229849993165
14_49,0.0,0.0,0.0,0.0,0.0,0.0,0.0,0.0,100.0
14_50,0.0,0.0,0.0,0.0,0.0,0.0,0.0,0.0,100.0
14_51,0.0,0.0,0.0,2.5793029117648962,0.0,18.066919892061126,0.0,0.0,79.35377724018959
14_52,0.0,0.0,0.0,0.0,0.0,11.212489751485819,0.0,0.0,88.78751024851418
14_53,0.0,0.0,0.0,0.0,0.0,4.180546261409691,0.0,0.0,95.81945373859031
14_54,0.0,0.0,0.0,2.4862104272574057,0.0,22.046272972316622,0.0,0.0,75.46726835007487
14_55,0.0,0.0,0.0,7.746016684791335,0.0,29.155879091784115,0.0,0.0,63.09811519263119
14_56,0.0,0.0,0.0,0.0,0.0,0.0,0.0,0.0,100.0
14_57,0.0,0.0,0.0,0.0,0.0,0.0,0.0,0.0,100.0
14_58,0.0,0.0,0.0,0.0,0.0,4.884496519708008,0.0,0.0,95.11550348029199
14_59,0.0,0.0,0.0,0.0,0.0,0.0,0.0,0.0,100.0
14_60,0.0,0.0,0.0,0.0,0.0,26.161590232935573,0.0,0.0,73.83839045644972
14_61,0.0,0.0,0.0,15.858870233921568,0.0,50.272684360422794,0.0,0.0,33.86827089366545
14_62,0.0,3.6518692324305873,7.725142807788243,0.0,0.0,88.62290592402846,0.0,0.0,0.0
14_63,0.0,47.89967341436654,33.27697251714129,0.0,0.0,18.823341529251756,0.0,0.0,0.0
14_64,0.0,6.604486945419688,58.533695243614574,0.0,0.0,34.861670475137224,0.0,0.0,0.0
15_19,0.0,19.627140718963773,4.772652050800649,0.0,0.0,75.60024376217416,0.0,0.0,0.0
15_21,0.0,5.95338695201704,23.839334879865365,6.156334883050553,0.0,64.05098073451353,0.0,0.0,0.0
15_22,0.0,0.0,79.14577527444389,9.033329035009501,0.0,11.820860448934479,0.0,0.0,0.0
15_23,0.0,2.975897108957282,74.26035762427283,7.615429513893676,0.0,1.6856621690723377,0.0,0.0,13.462571483730324
15_24,0.0,11.90285895131862,16.67146499851515,2.5549808639106253,0.0,11.902659650978812,0.0,0.0,56.96808734925264
15_25,0.0,0.0,0.0,5.950599726359405,0.0,8.92589912113504,0.0,0.0,85.12350115841315
15_26,0.0,0.0,0.0,1.6124292990687124,0.0,0.0,0.0,0.0,98.38757070093129
15_27,0.0,0.0,0.0,0.0,0.0,15.232426858831223,0.0,0.0,84.76757316057531
15_28,0.0,20.821427324124425,2.974436689398752,0.0,0.0,23.980187137468384,0.0,0.0,52.22398705353385
15_29,0.0,12.293836829902594,0.0,0.0,0.0,13.394922480872395,0.0,0.0,74.31120340817408
15_30,0.0,29.923356979342376,0.0,11.895224238198294,0.0,5.947877702042181,11.895253838864551,0.0,40.33825012653554
15_31,0.0,4.3793599399555525,0.0,2.9736399748560802,0.0,30.301463895594836,0.0,0.0,62.34562654075473
15_32,0.0,20.81269230686537,0.0,14.445559088865034,0.0,39.428687736047365,0.0,0.0,25.313023584851464
15_33,0.0,0.0,0.0,19.308303870268453,0.0,9.335298893590924,0.0,0.0,71.3563836682672
15_34,0.0,0.0,0.0,5.826941861145868,0.0,0.0,0.0,0.0,94.17305813885413
15_35,0.0,0.0,0.0,0.0,0.0,2.972378297761501,0.0,0.0,97.02762170223849
15_36,0.0,0.0,0.0,0.0,0.0,0.0,0.0,0.0,100.0
15_37,0.0,0.0,0.0,0.0,0.0,13.19423929341742,0.0,0.0,86.80576070658257
15_38,0.0,0.0,0.0,0.0,0.0,12.025976408477295,0.0,0.0,87.97394876368514
15_39,0.0,38.13992788653056,0.0,21.007665369406215,0.0,29.571047794076527,0.0,0.0,11.281286387232187
15_40,0.0,18.293322135947975,2.9709169811392973,5.811315820996923,0.0,24.216063843878175,0.0,0.0,48.70834640555143
15_41,0.0,8.59487129260665,0.0,0.0,0.0,3.7962009377608528,0.0,0.0,87.60889046033621
15_42,0.0,0.0,0.0,0.12500386833500188,0.0,0.0,0.0,0.0,99.8749961200553
15_43,0.0,0.0,0.0,0.0,0.0,0.0,0.0,0.0,100.0
15_44,0.0,0.0,0.0,7.0448498942974185,0.0,17.209131611542794,0.0,0.0,75.74598117133876
15_45,0.0,0.0,0.0,5.938910621193632,0.0,3.5777187196436575,0.0,0.0,90.48329601000643
15_46,0.0,2.9690562738183703,2.968989810893529,14.130670950690543,0.0,0.0,0.0,0.0,79.93128296746922
15_47,0.0,0.0,0.0,10.153777355973403,0.0,3.264759364125044,0.0,0.0,86.58145664817077
15_48,0.0,0.0,0.0,0.0,0.0,0.7117265319107032,0.0,0.0,99.2882734680893
15_49,0.0,0.0,8.904643392628403,12.850103342148964,0.0,11.87239981770183,0.0,0.0,66.37285104498477
15_50,0.0,0.0,0.0,0.0,0.0,0.0,0.0,0.0,100.0
15_51,0.0,0.0,0.0,0.38822492003509673,0.0,30.980307357427478,0.0,0.0,68.63124395095096
15_52,0.0,0.0,0.0,0.0,0.0,0.0,0.0,0.0,100.0
15_53,0.0,0.0,0.0,0.0,0.0,0.0,0.0,0.0,100.0
15_54,0.0,0.0,0.0,31.82751783825701,0.0,22.125505184885416,0.0,0.0,46.046859998220455
15_55,0.0,0.0,0.0,2.9524575323388915,0.0,9.34454011823378,0.0,0.0,87.70269225672843
15_56,0.0,0.0,0.0,0.0,0.0,0.0,0.0,0.0,100.0
15_57,0.0,0.0,0.0,0.0,0.0,12.460582165439881,0.0,0.0,87.53941783456011
15_58,0.0,0.0,0.0,0.0,0.0,8.298507727540432,0.0,0.0,91.70149227245956
15_59,0.0,0.0,0.0,0.0,0.0,0.0,0.0,0.0,100.0
15_60,0.0,0.0,0.6653644596898595,6.588738225890266,0.0,30.427565865513998,0.0,0.0,62.31823885849603
15_61,0.0,0.0,0.0,0.0,0.0,46.883136151942836,0.0,0.0,53.11688888236477
15_62,0.0,0.0,12.060323529056841,19.292592740644277,0.0,49.71539032340637,0.0,0.0,18.93161880337317
16_19,0.0,3.982927503106236,4.158754785288974,8.931472304807501,0.0,54.33206547986619,0.0,0.0,28.594361363384955
16_20,0.0,5.838716429439242,0.0,8.93087567093088,0.0,33.60454338672197,0.0,0.0,51.62582709152274
16_21,0.0,1.581222770207126,23.764067966690885,8.929879834083073,0.0,55.042049772594595,0.0,0.0,10.682742199243243
16_22,0.0,1.497405196473266,58.771012079929484,15.197160614340422,0.0,14.035705292088753,0.0,0.0,10.498565318905303
16_23,0.0,0.0,10.017338971107986,24.684215051848817,0.0,7.242227525096218,0.0,0.0,58.05613790863686
16_24,0.0,0.0,0.0,0.0,0.0,0.0,0.0,0.0,100.0
16_25,0.0,0.0,0.0,3.655816285523817,0.0,0.0,0.0,0.0,96.34418371447619
16_26,0.0,0.0,0.0,15.439563346379186,0.0,0.0,0.0,0.0,84.56043665362081
16_27,0.0,0.0,0.0,0.0,0.0,2.0127890488002858,0.0,0.0,97.98721095119971
16_28,0.0,0.0,0.0,0.0,0.0,2.176235991867153,0.0,0.0,97.82376400813285
16_29,0.0,0.0,0.0,0.0,0.0,24.756499400063664,0.0,0.0,75.24350059993633
16_30,0.0,0.0,0.0,2.9739052083394664,0.0,0.0,0.0,0.0,97.02609479166054
16_31,0.0,0.0,0.0,0.0,0.0,0.0,0.0,0.0,100.0
16_32,0.0,0.0,0.0,0.0,0.0,9.521036132360752,0.0,0.0,90.47896397894048
16_33,0.0,0.0,0.0,7.5078747534587515,5.945818309698033,11.224219315235153,0.0,0.0,75.32206381800266
16_34,0.0,0.0,0.0,0.0,0.0,0.0,0.0,0.0,100.0
16_35,0.0,0.0,0.0,5.9448885433100385,0.0,0.0,0.0,0.0,94.05511145668996
16_36,0.0,0.0,0.0,0.0,0.0,0.0,0.0,0.0,100.0
16_37,0.0,0.0,0.0,5.94342729834486,0.0,28.302295219832974,0.0,0.0,65.7543148083904
16_38,0.0,3.8525702671146966,0.0,4.091023650533859,0.0,5.620464702964477,0.0,0.0,86.43593239970679
16_39,0.0,10.164183973367576,2.9711821889126218,3.9453973513795795,0.0,5.942232028453634,0.0,0.0,76.97696524554208
16_40,0.0,0.0,0.0,0.0,0.0,30.220263635038613,0.0,0.0,69.77965870599184
16_41,0.0,0.0,0.0,0.0,0.0,1.249481908390805,0.0,0.0,98.75051808134901
16_42,0.0,0.0,0.0,2.4394883596560644,0.0,3.815336627295031,0.0,0.0,93.74517082511436
16_43,0.0,0.0,0.0,0.0,0.0,6.032599322809279,0.0,0.0,93.96740067719071
16_44,0.0,0.0,0.0,4.833767700880444,0.0,4.432142208073016,0.0,0.0,90.73409009104655
16_45,0.0,1.9559568284794993,0.0,1.3909259963417537,0.0,26.120790540725878,0.0,0.0,70.53237532490554
16_46,0.0,11.644310837642506,0.0,12.823569092639529,0.0,0.0,0.0,0.0,75.5321201042275
16_47,0.0,0.0,0.0,0.8753926785121207,0.0,1.4480524125908094,0.0,0.0,97.67659149448514
16_48,0.0,0.0,0.0,5.061722522999001,0.0,3.4813678642249144,0.0,0.0,91.45690957489833
16_49,0.0,0.0,0.0,1.9910574934509107,0.0,6.999363447490657,0.0,0.0,91.0095818478695
16_50,0.0,0.0,0.0,0.0,0.0,1.905145572686217,0.0,0.0,98.09485442731378
16_51,0.0,0.0,0.0,0.0,0.0,26.554132360088232,0.0,0.0,73.44586763991175
16_52,0.0,0.0,0.0,0.0,0.0,5.1778868531176165,0.0,0.0,94.82211314688239
16_53,0.0,0.0,2.9669287081745765,20.768862300985237,0.0,16.99776589532497,0.0,0.0,59.26644293700416
16_54,0.0,0.0,0.07574538180613558,10.199676858677668,0.0346389115216135,2.1422291539147524,0.0,0.0,87.54777677339483
16_55,0.0,0.0,5.857181043433787,8.89919022539156,2.931824387039376,0.0,0.0,0.0,82.31176707650778
16_56,0.0,0.0,0.0,0.0,0.0,3.190049928562792,0.0,0.0,96.8099500714372
16_57,0.0,0.0,0.0,0.0,0.0,22.959167532613193,0.0,0.0,77.04083246738682
16_58,0.0,0.0,2.965399033482204,0.0,0.0,3.5082984371563826,0.0,0.0,93.5263025293614
16_59,0.0,0.0,18.192606782395444,0.0,0.0,0.0,0.0,0.0,81.80739321760456
16_60,0.0,0.0,29.654594964409917,14.745670755825161,0.0,32.762098736055734,0.0,0.0,22.83736618485697
16_61,0.0,0.0,22.855370345155393,8.312812284975733,0.0,68.83181769793268,0.0,0.0,0.0
17_19,0.0,0.3993373647174162,8.931670202499008,18.33896960566715,0.0,59.58322730337324,0.0,0.0,12.746952974289155
17_20,0.0,0.0,0.0,3.3601012129093784,0.0,4.064918432650827,0.0,0.0,92.57463954435073
17_21,0.0,0.005573305685922575,0.008774805287227749,0.0,0.0,13.11767618582724,0.0,0.0,86.86797562425119
17_22,0.0,0.007094838260694172,11.992942570987914,6.365188894614773,0.0,35.84585574878204,0.0,0.0,45.78874234010525
17_23,0.0,0.0,0.0,45.49556465240846,0.0,17.770280267953204,0.0,0.0,36.734043167727805
17_24,0.0,0.0,0.0,0.0,0.0,4.142185116772181,0.0,0.0,95.85781488322782
17_25,0.0,0.0,0.0,3.6938852780829623,0.0,8.926096013468038,0.0,0.0,87.38001870844899
17_26,0.0,0.0,0.0,5.350207950567279,0.0,0.0,0.0,0.0,94.64979204943272
17_27,0.0,0.0,0.0,4.073185104683506,0.0,0.7442317452184727,0.0,0.0,95.18261554688678
17_28,0.0,0.0,0.0,1.8760849647177966,0.0,1.4605990782963203,0.0,0.0,96.66331595698587
17_29,0.0,0.0,0.0,0.0,0.0,3.7310780539660025,0.0,0.0,96.268921946034
17_30,0.0,0.0,0.0,0.0,0.0,0.0,0.0,0.0,100.0
17_31,0.0,0.0,0.0,0.0,0.0,0.0,0.0,0.0,100.0
17_32,0.0,0.0,0.0,1.9710549787178888,0.0,33.67882034997698,0.0,0.0,64.35024030763913
17_33,0.0,0.0,0.0,3.930372434262253,0.0,3.8464120310893715,0.0,0.0,92.22319574178137
17_34,0.0,0.0,0.0,0.0,0.0,10.49595341198117,0.0,0.0,89.50404658801884
17_35,0.0,0.0,0.0,0.0,0.0,1.7809239644664292,0.0,0.0,98.21907603553358
17_36,0.0,0.0,0.0,1.7838409499928807,0.0,0.0,0.0,0.0,98.21615905000711
17_37,0.0,11.786860487055296,0.0,8.007574395952705,0.0,0.0,0.0,0.0,80.20556508174027
17_38,0.0,48.57184762124122,2.971447747434222,0.42486216794707377,0.0,9.345043999633724,0.0,0.0,38.68677013734856
17_39,0.0,9.309679010910928,0.0,3.4239103791854935,0.0,0.0,0.0,0.0,87.2664105466698
17_40,0.0,0.0,0.0,1.7338977383937664,0.0,0.0,0.0,0.0,98.26610226160624
17_41,0.0,0.0,0.0,1.236819233655784,0.0,0.0,0.0,0.0,98.7631807663442
17_42,0.0,0.0,0.0,6.471333873125573,0.0,8.910622571518882,0.0,0.0,84.61801037058166
17_43,0.0,0.0,0.0,0.0,0.0,0.22811422971326623,0.0,0.0,99.77188577028674
17_44,0.0,0.0,0.0,0.0,0.0,1.0541228557045628,0.0,0.0,98.94587714429545
17_45,0.0,0.14643541917085995,0.0,0.0,0.0,4.95425714778987,0.0,0.0,94.89933358183299
17_46,0.0,1.0990706024590988,0.0,5.881181140855473,0.0,6.844355362056227,0.0,0.0,86.17539306674678
17_47,0.0,0.0,13.13127172363112,24.62702680298752,0.0,22.13912030937974,0.0,0.0,40.10244997340848
17_48,0.0,0.0,0.0,0.4316024042284207,0.0,0.0,0.0,0.0,99.56839759577157
17_49,0.0,0.0,0.0,0.0,0.0,2.3748901200935397,0.0,0.0,97.62510987990646
17_50,0.0,0.0,0.0,0.0,0.0,4.135652658138472,0.0,0.0,95.86431745478113
17_51,0.0,0.0,0.0,3.5063275130741802,0.0,6.479095561460298,0.0,0.0,90.0146397092394
17_52,0.0,0.0,0.0,0.0,0.0,0.0,0.0,0.0,100.0
17_53,0.0,0.0,0.0,0.0,0.0,9.704990590776783,0.0,0.0,90.29500955831332
17_54,0.0,0.0,0.0,0.0,0.0,0.0,0.0,0.0,100.0
17_55,0.0,0.0,0.0,2.966263464415435,0.0,0.0,0.0,0.0,97.03373653558457
17_56,0.0,0.0,0.0,6.348037572078151,0.0,0.23623847441463885,0.0,0.0,93.41575251789763
17_57,0.0,0.0,0.0,0.0,0.0,2.7296258074160664,0.0,0.0,97.27037419258393
17_58,0.0,0.0,0.0,0.0,0.0,0.0,0.0,0.0,100.0
17_59,0.0,0.0,80.07626102385265,0.0,0.0,0.0,0.0,0.0,19.923738976147355
17_60,0.0,0.0,94.26034690855244,0.0,0.0,0.7930491108551886,0.0,0.0,4.94659356164823
18_19,0.0,25.8223937155568,0.0,5.095076611744427,0.0,69.08267953383321,0.0,0.0,0.0
18_20,0.0,0.0,0.0,8.930806743727192,0.0,34.71183592979671,0.0,0.0,56.35728609988468
18_21,0.0,0.0,0.0,0.0,0.0,1.738616858614276,0.0,0.0,98.26138314138572
18_22,0.0,0.0,0.0,0.0,0.0,5.952588027356912,0.0,0.0,94.04741197264309
18_23,0.0,0.0,0.0,1.7939857552179905,0.0,3.349282944726719,0.0,0.0,94.85673130005529
18_24,0.0,2.4025164554581933,0.0,0.0,0.0,27.07078306663903,0.0,0.0,70.52667196083796
18_25,0.0,0.0,5.359354257214922,7.442227506936566,0.0,11.305252992213981,0.0,0.0,75.89315619373666
18_26,0.0,0.0,0.0,0.8830954049037951,0.0,11.900530964390391,0.0,0.0,87.21637363070582
18_27,0.0,0.0,0.0,8.924435213534103,0.0,1.2952329889737864,0.0,0.0,89.78033680905634
18_28,0.0,0.0,0.0,0.0,0.0,2.4890499704547837,0.0,0.0,97.51095000396671
18_29,0.0,0.0,0.0,0.0,0.0,5.948207362985788,0.0,0.0,94.05179263701422
18_30,0.0,0.0,0.0,0.0,0.0,15.763230947410374,0.0,0.0,84.23678850692724
18_31,0.0,0.0,0.0,0.0,0.0,5.232477741197879,0.0,0.0,94.76752225880212
18_32,0.0,0.0,1.7901121732502598,12.895642020444766,0.0,64.55546336377817,0.0,0.0,20.759487944621302
18_33,0.0,0.0,3.409463934102276,4.988486328690269,0.0,36.105688921563775,0.0,0.0,55.49634318649992
18_34,0.0,0.0,0.0,0.0,0.0,0.0,0.0,0.0,100.0
18_35,0.0,0.0,0.0,2.9723771551994314,0.0,0.0,0.0,0.0,97.02762284480056
18_36,0.0,0.0,0.0,9.888470862777364,0.0,0.0,0.0,0.0,90.11152913722263
18_37,0.0,0.0,0.0,1.1239657546640371,0.0,0.0,0.0,0.0,98.87603424533596
18_38,0.0,0.0,2.9714472402001726,0.0,0.0,0.0,0.0,0.0,97.02855275979982
18_39,0.0,0.0,0.0,0.0,0.0,0.0,0.0,0.0,100.0
18_40,0.0,0.0,0.0,0.0,0.0,0.0,0.0,0.0,100.0
18_41,0.0,0.0,0.0,5.940901354751444,0.0,28.47339736781195,0.0,0.0,65.58570101566603
18_42,0.0,0.0,0.0,0.0,0.0,17.594226949553068,0.0,0.0,82.40573848034883
18_43,0.0,0.0,0.0,0.0,0.0,7.164956749930722,0.0,0.0,92.83504325006928
18_44,0.0,0.0,0.0,1.9854113673561233,0.0,8.694356999799178,0.0,0.0,89.3202484126298
18_45,0.0,0.0,0.0,0.0,0.0,20.108980663652765,0.0,0.0,79.89101933634724
18_46,0.0,0.0,0.0,0.0,0.0,0.0,0.0,0.0,100.0
18_47,0.0,2.9686565009883417,10.618380603808506,14.156477016487685,0.0,4.884499900560446,0.0,0.0,67.37233890528121
18_48,0.0,0.0,0.0,11.940838884521849,0.0,0.0,0.0,0.0,88.05916112295522
